$ANSIBLE_VAULT;1.1;AES256
38663965363231373864376131636662333232323265333238303637346633626566353236623534
3036376361393936643038343539373939643366346630660a653061643062376361646531646361
38396638323363633763663464323638333534626236323839653939313331353661333062393532
3561333661333161630a626433303266343935363238666638356263306438336534333138336163
32633532373531326335643166386461333231343437396162343164663435373633633963363939
39393639623735656661626436646536343935643833326438333736373132313033313638323830
31393330303834353036616632656535383066633834323564613835396134313530346534613266
62656635363365616634626338306266326661343462376337326530653832336330333035636134
65646232613063326531303233346237396263303364316634303339343362303632616639343630
35303264653030666338393561663561323565663934323739333263306633353861396163343363
37666265613530636431343635323465313261363536633339356661303464643563333632313534
32363763626662633666623737656231306561383732643532626434666464303363633338623636
65626161636336643265316337316237323539383334363166643339363064653462303962646334
32303531653933313865616437613534656661393839613162373534663936633631653935663264
65643538333938343638633134646531313661636261643234353465303961356161353865346637
66343563336365613463636637363365383431643538663333303139643062303662306563356563
64656431303033396332613935643130663236326465383331613630623135343031626138323263
39396536646539356131386264303164326165323430353533343433396562653239623436323736
65366666666433303566666564333731356662613465313531653061633561653565633865346166
37633033313632646564313161623632363939623235366435636336396264366665343364316630
62333434353733663730366231336334326234356330646666343235623235633735313334396136
63646536663861363164343764376266646566373139333438313835383963316461653235616462
66363535613639316362303164616134663932613563666134353034626462623662383435633339
30323134323564313232396664383735653331386333316535346130633961313664333966633536
63343538663130323236386339373363633566333936336334353661633163613938343338626539
37383635326362623066366464386262323633396437383032323630666636346466613836646439
61303335633838373662646166346266376130643832666230633965353461633834346239653863
63336237363636636632623737623462373366343132336566363666383131333630653565323732
65356531363064623766363433353634343437643465643163666232336130363931303236353232
35386234366562633030386364366562343738356430313035346539383039653665303764393138
33353634313735663362386465623030633361623833623533333835366361623462356565393235
61386331653930663266373166326137653231353836356265633136363966333165666464653335
32653333333033316262396162613533373031316266656433383031643261623266623461386239
36616665643130323563643839636136333838343564323863616636353633653133323835636166
64343235633039383534323738613235613432326538633430343961363736396335396561623333
34633234613064626135393261613931323337363134353664376434613533373937613963333738
62303962356135326131653962346236393832333836323634353437666336373433636235616364
63366330303437626437363937346131313836343164333765636331653938316433316362613139
31333165356466656530636466336564363434656639653134653734663630393039646531353962
35373538366236343432373465316531646565393966356265653830636465343463613233623566
30653961306231623563383562656633323730386165303035383564346261656530643966323530
34623637313731306363616239643232336635653562303836653765363937633838383938393635
63663961353337613361646666613561613130313036356638646266346331633439643631646462
39366231336439633735323162376236646633633831623436636463333538643934333066393166
38303537383031336563383932633962343639623135386361343064313363353733303933633061
34376135316530323836313165663332363531353934343162333637653130383965656461333934
66663733376235313735616532376430613963323238653734393935633766666236666132303638
35613664636631643063356630353232333730633439383634653238386565326166633334356564
65356664303431326534643635383230336163343165666130316365393939346563316333666235
37373161633265366464366537636137333465376333656631363966373861636630313238616138
33656137373463386136383931336236616364333064303565326438636438383464393234393138
31323931663863393337653530623234663332383336333361623531346531656363623534326666
36373435633630343638623439643362326162633230363333623334396362386461323661383361
33366231643963366136363565303636346637353862396664383334663963646464323730376266
63623230323531626131333361313962396138656465656338643632386261666330326266376361
64356431613530396537373966376439386335663839633236646630323934663932326364316565
39363434663335383034633531363361346162653837663362663830306332323966326236326664
34616337653330383966646565393265363239653430646165616431346665646439323361363664
66326163633736633138393262336461376662383539643236326532393038343663653666343365
34343062346361303932373037353161613330363138666361616630643737306334643230623336
35396132373731346630653032656566666232616431373063613364626265316539303739623263
38626439363130363636323630663334356266383233666638656163663964653265303164633938
62353635633537636634613136613338333763646634313234643166333537336334636265316436
62336464323737643064633264636636323632323663626634346330303130623037336661373466
37376331326136626262343164396461353339633863623036303461656436353531323162656239
36643763633638313134303834653261626165303763666431383631653466333032313336383338
63343966323462393264626335313931373133363932643166343433333230396638646435376362
34653365613534313761346339613866366161666636636532313636306636663565343632376266
63333235353961633936363363333731363633393832356164643364646333343463373266623961
37633334613030613861313430313033383037613634303131643466346233356433353062353664
37636334333062333530343836643133663035633164623061356663376633353932316236626564
31316233663461656361653539383531343930306363356539346239353438323664383638653135
38353166656132636431333961633033343866353962613865626534373136353232663235313465
34336337616461653462613066353432313930396665393335623532393166646261363661306532
34306161366430396564663931333461343066623665613339373830396664306361643839383637
62636531303138346636613739313862633032623166626430626430353438326435393066323365
34303765626435663332626339373061623230656132313338643561306662356631616438366432
61363832363065393733663336356361626562373262333134613833393638646133306532396631
38633039313461613736383138376337326131663161356237306334643166376561303535633266
62393433663334356361646362636634656638626330613636643564383133306661393430636338
65666338343564656235343035323765316433386238353535653834343537636361306235313263
33653339303932656161643431326430633764653938663135306236653436316665383263316235
30633337656664646365646434346435353465633665656534333830316262336466373762653936
30313036343634366337616666346165373630343563656334346661643961353033343139353533
30383164666465323363643033343134386631396265653139383063366434343633653035346532
65386236343537356233653463653838363135303237393633353933313665643234663761326665
36336266396166373938323533386566646465363836386638376665663632623333643238626431
64323663386431333231333131633039383461626465386531383866366431373139636131613661
61376337373839303831343631353936623661643533373261626237366366613863313364353835
65336636633964363336353031323134393863303963366538613030383764633437393062383833
32623038353330613232366464633263313863373334376166356461353961373735366532383663
34336439336335386261386532633961313937643635663961333166346234363761316664656539
35366532356335396130653937616231346232306365323631313363343361613664656538613133
31316139666635343165623635633338623837353637623639353034353432616261633162383930
34623032393662383765313765336131343734363263346234383837626334343065336232653361
34323437623064343639383166633732656136323135356132373834353039383863343033646630
34343935373366646338613738666636663466323733376437306564616131353237633861386139
62613663336630623137643062626532363631656464313162376233386438326232343864323963
36646132663833303365643162333739633161306234613038343034363461666139366536306562
30643937356266326233643337636338346233633661303062303262623066373631653036623138
33633665366364373837333339373736396138323235613663656430633361303666623163623533
61386464633938306261626134313839663734656535653134376436353134353939333362333734
61366639303132383231613936303437623631663330336161396161363231343561323361663139
38313130333032613438326332386636373462636135396131653534393239633633633136393631
63336462653133393533343231303565623634323233333666653064643964386631656366663537
64306332663264303661353435343164363961383437303734383635326333366262653032643066
62343132643139396236623131386135616136313935326534333933336133313432343734626230
31616337343531373735343064373333356331656338393730343432326239663364623831653561
65646433313961393631653934346236313738333663353931366533316137663361663635636266
65386136613138333136396233653264616432316530326263383731323264646530346339653034
61383333366166303437643263363136346639656637303564623339326534343032373235633664
32353936616536666563633065333461356131346333383361323837376531333931663632336337
61623966633137663632346236326137343236326262306137393430666264336437643064306538
39303137316466633335613063326535306366303763636435323365346132306530393134313563
32303839346361613633363731666661386234393562316236323664323131343932643136643563
34656536396632613230316132646362616534313262353633303335613662396463346664323563
36316536363562316264666161343162346530643732396266323331346235336231396263636165
30313733663934386537633266393437633462373666623631353766643130633039626237336332
63323932353064326262353630643139346636373165303766616433316137323431316338373037
64363065643537636336396135333833333833343263303834353336303664343439646330346133
36623934626261656465393036633132313837383264646330666134366561383836666665383638
39313133623830623332396235343037643063363233363830363534636234376462646631356361
66396436626433383034376238376333363266373633326536376164663939333462373038666464
33336236333864356263646666646633323161376438333839613966366139303838373334383839
33306634366364396636343138636561373136363364303836373539326639323365623161386435
61393334656337333864323932386330653936373062333035313430616532303833396135663330
36306236323461663364343434303639643862396666383133343562383561313932316134386664
38646365336331383334643135323638323065643033363434663262396466646361623135393738
61653735636433356162643866623937393062616137646462323535393032623430626439376661
37323262643837616635626561333664656264306639343532636464656633393437623632363966
39333132323862663631633066356561366536396335623739373165393135333135353838323966
35663633316433316662653037626533353034393464333339623136616166653130613065623833
61356536393234326235356333666331326632353531663461636431663231316335313839316631
30623535373832613832336563666661623738656231326534343636646433316439626333336630
336636376563343232633733376131646430
